# Geneva Italic (also Helvetica Italic)
name HI
internalname 4387
ligatures 0
default_slant 14
alternate_font
charset
\|	12	0	0
\^	6	0	0
A	64	0	27
B	64	0	28
C	68	0	29
D	66	0	30
E	60	0	31
F	60	0	32
G	70	0	33
H	63	0	34
I	24	0	35
J	51	0	36
K	64	0	37
L	56	0	38
M	80	0	39
N	66	0	40
O	74	0	41
P	62	0	42
Q	76	0	43
R	66	0	44
S	64	0	45
T	56	0	46
U	66	0	47
V	64	0	48
W	90	0	49
X	64	0	50
Y	66	0	51
Z	60	0	52
a	56	0	1
b	56	0	2
c	54	0	3
d	56	0	4
e	56	0	5
f	30	0	6
g	56	0	7
h	54	0	8
i	24	0	9
j	24	0	10
k	52	0	11
l	24	0	12
m	76	0	13
n	50	0	14
o	56	0	15
p	56	0	16
q	56	0	17
r	34	0	18
s	52	0	19
t	32	0	20
u	50	0	21
v	48	0	22
w	70	0	23
x	52	0	24
y	50	0	25
z	48	0	26
1	56	0	54
2	56	0	55
3	56	0	56
4	56	0	57
5	56	0	58
6	56	0	59
7	56	0	60
8	56	0	61
9	56	0	62
0	56	0	63
$	56	0	77
&	64	0	53
:	28	0	66
;	28	0	67
.	28	0	64
,	28	0	65
`	28	0	74
'	28	0	73
?	52	0	68
!	28	0	69
%	84	0	79
*	56	0	86
(	36	0	70
)	36	0	71
/	56	0	80
hy	32	0	72
-	"
em	112	0	75
dg	56	0	88
sc	56	0	87
[	32	0	84
]	32	0	85
