# Helvetica Black (also Helvetica Medium, Geneva Medium)
name HK
internalname 3871
ligatures 0
charset
\|	12	0	0
\^	6	0	0
A	66	0	27
B	66	0	28
C	70	0	29
D	70	0	30
E	64	0	31
F	62	0	32
G	74	0	33
H	66	0	34
I	28	0	35
J	54	0	36
K	68	0	37
L	56	0	38
M	80	0	39
N	68	0	40
O	74	0	41
P	62	0	42
Q	76	0	43
R	64	0	44
S	64	0	45
T	62	0	46
U	68	0	47
V	64	0	48
W	90	0	49
X	62	0	50
Y	62	0	51
Z	62	0	52
a	56	0	1
b	60	0	2
c	56	0	3
d	60	0	4
e	58	0	5
f	36	0	6
g	60	0	7
h	56	0	8
i	26	0	9
j	26	0	10
k	58	0	11
l	26	0	12
m	84	0	13
n	58	0	14
o	60	0	15
p	60	0	16
q	60	0	17
r	38	0	18
s	52	0	19
t	36	0	20
u	56	0	21
v	52	0	22
w	78	0	23
x	56	0	24
y	54	0	25
z	50	0	26
1	60	0	54
2	60	0	55
3	60	0	56
4	60	0	57
5	60	0	58
6	60	0	59
7	60	0	60
8	60	0	61
9	60	0	62
0	60	0	63
$	60	0	77
&	70	0	53
:	30	0	66
;	30	0	67
.	30	0	64
,	30	0	65
`	30	0	74
'	30	0	73
?	30	0	68
!	30	0	69
%	90	0	79
*	30	0	86
(	32	0	70
)	32	0	71
/	60	0	80
hy	30	0	72
-	"
em	120	0	75
dg	60	0	88
sc	60	0	87
[	30	0	84
]	30	0	85
