# Palatino (also Malibu)
name PA
internalname 2067
ligatures 0
charset
\|	12	0	0
\^	6	0	0
A	76	0	27
B	60	0	28
C	70	0	29
D	78	0	30
E	58	0	31
F	56	0	32
G	74	0	33
H	85	0	34
I	36	0	35
J	37	0	36
K	73	0	37
L	61	0	38
M	96	0	39
N	85	0	40
O	80	0	41
P	62	0	42
Q	78	0	43
R	67	0	44
S	55	0	45
T	62	0	46
U	79	0	47
V	73	0	48
W	98	0	49
X	68	0	50
Y	68	0	51
Z	66	0	52
a	48	0	1
b	57	0	2
c	45	0	3
d	60	0	4
e	50	0	5
f	37	0	6
g	57	0	7
h	63	0	8
i	32	0	9
j	24	0	10
k	57	0	11
l	33	0	12
m	88	0	13
n	63	0	14
o	55	0	15
p	60	0	16
q	57	0	17
r	41	0	18
s	41	0	19
t	34	0	20
u	60	0	21
v	57	0	22
w	83	0	23
x	51	0	24
y	56	0	25
z	50	0	26
1	52	0	54
2	52	0	55
3	52	0	56
4	52	0	57
5	52	0	58
6	52	0	59
7	52	0	60
8	52	0	61
9	52	0	62
0	52	0	63
$	52	0	77
&	75	0	53
:	26	0	66
;	26	0	67
.	26	0	64
,	26	0	65
`	26	0	74
'	26	0	73
?	43	0	68
!	26	0	69
%	75	0	79
*	52	0	86
(	34	0	70
)	34	0	71
/	52	0	80
hy	34	0	72
-	"
em	104	0	75
dg	52	0	88
sc	52	0	87
[	29	0	84
]	30	0	85
