# Palatino Bold (also Malibu Bold)
name PB
internalname 2325
ligatures 0
charset
\|	12	0	0
\^	6	0	0
A	78	0	27
B	63	0	28
C	72	0	29
D	84	0	30
E	61	0	31
F	57	0	32
G	79	0	33
H	86	0	34
I	41	0	35
J	43	0	36
K	78	0	37
L	63	0	38
M	102	0	39
N	85	0	40
O	84	0	41
P	63	0	42
Q	84	0	43
R	74	0	44
S	58	0	45
T	67	0	46
U	79	0	47
V	79	0	48
W	101	0	49
X	68	0	50
Y	69	0	51
Z	65	0	52
a	50	0	1
b	61	0	2
c	46	0	3
d	61	0	4
e	50	0	5
f	41	0	6
g	56	0	7
h	63	0	8
i	35	0	9
j	32	0	10
k	63	0	11
l	35	0	12
m	91	0	13
n	63	0	14
o	57	0	15
p	61	0	16
q	61	0	17
r	42	0	18
s	43	0	19
t	37	0	20
u	61	0	21
v	59	0	22
w	85	0	23
x	52	0	24
y	59	0	25
z	50	0	26
1	52	0	54
2	52	0	55
3	52	0	56
4	52	0	57
5	52	0	58
6	52	0	59
7	52	0	60
8	52	0	61
9	52	0	62
0	52	0	63
$	52	0	77
&	80	0	53
:	26	0	66
;	26	0	67
.	26	0	64
,	26	0	65
`	26	0	74
'	26	0	73
?	49	0	68
!	26	0	69
%	78	0	79
*	52	0	86
(	34	0	70
)	34	0	71
/	52	0	80
hy	40	0	72
-	"
em	104	0	75
dg	50	0	88
sc	50	0	87
[	25	0	84
]	25	0	85
