# Palatino Italic (also Malibu Italic)
name PI
internalname 2583
ligatures 0
charset
\|	12	0	0
\^	6	0	0
A	72	0	27
B	58	0	28
C	63	0	29
D	74	0	30
E	55	0	31
F	56	0	32
G	68	0	33
H	79	0	34
I	35	0	35
J	37	0	36
K	68	0	37
L	54	0	38
M	99	0	39
N	80	0	40
O	75	0	41
P	59	0	42
Q	74	0	43
R	65	0	44
S	50	0	45
T	60	0	46
U	77	0	47
V	71	0	48
W	93	0	49
X	72	0	50
Y	69	0	51
Z	63	0	52
a	47	0	1
b	43	0	2
c	42	0	3
d	52	0	4
e	42	0	5
f	34	0	6
g	49	0	7
h	52	0	8
i	25	0	9
j	30	0	10
k	49	0	11
l	29	0	12
m	77	0	13
n	54	0	14
o	46	0	15
p	51	0	16
q	46	0	17
r	38	0	18
s	37	0	19
t	34	0	20
u	52	0	21
v	51	0	22
w	72	0	23
x	49	0	24
y	52	0	25
z	45	0	26
1	50	0	54
2	50	0	55
3	50	0	56
4	50	0	57
5	50	0	58
6	50	0	59
7	50	0	60
8	50	0	61
9	50	0	62
0	50	0	63
$	50	0	77
&	75	0	53
:	25	0	66
;	25	0	67
.	25	0	64
,	25	0	65
`	25	0	74
'	25	0	73
?	40	0	68
!	25	0	69
%	75	0	79
*	55	0	86
(	34	0	70
)	34	0	71
/	50	0	80
hy	38	0	72
-	"
em	100	0	75
dg	50	0	88
sc	50	0	87
[	34	0	84
]	34	0	85
