# Constant Width (also CW)
name PO
internalname 2841
spacewidth 68
max_range 2
charset
A	68	0	27
B	68	0	28
C	68	0	29
D	68	0	30
E	68	0	31
F	68	0	32
G	68	0	33
H	68	0	34
I	68	0	35
J	68	0	36
K	68	0	37
L	68	0	38
M	68	0	39
N	68	0	40
O	68	0	41
P	68	0	42
Q	68	0	43
R	68	0	44
S	68	0	45
T	68	0	46
U	68	0	47
V	68	0	48
W	68	0	49
X	68	0	50
Y	68	0	51
Z	68	0	52
a	68	0	1
b	68	0	2
c	68	0	3
d	68	0	4
e	68	0	5
f	68	0	6
g	68	0	7
h	68	0	8
i	68	0	9
j	68	0	10
k	68	0	11
l	68	0	12
m	68	0	13
n	68	0	14
o	68	0	15
p	68	0	16
q	68	0	17
r	68	0	18
s	68	0	19
t	68	0	20
u	68	0	21
v	68	0	22
w	68	0	23
x	68	0	24
y	68	0	25
z	68	0	26
1	68	0	54
2	68	0	55
3	68	0	56
4	68	0	57
5	68	0	58
6	68	0	59
7	68	0	60
8	68	0	61
9	68	0	62
0	68	0	63
$	68	0	77
ct	68	0	78
&	68	0	53
:	68	0	66
;	68	0	67
.	68	0	64
,	68	0	65
`	68	0	74
'	68	0	73
?	68	0	68
!	68	0	69
%	68	0	79
*	68	0	86
(	68	0	70
)	68	0	71
/	68	0	80
sl	"
hy	68	0	72
-	"
=	68	0	104
+	68	0	98
no	68	0	99
<	68	0	103
>	68	0	102
{	68	0	107
}	68	0	108
^	68	0	105
~	68	0	95
"	68	0	91
fm	68	0	83
_	68	0	106
ul	"
|	68	0	100
or	"
lh	68	0	124
\	68	0	101
#	68	0	92
@	68	0	96
sq	68	0	126
->	68	0	121
<-	68	0	122
dg	68	0	125
ua	68	0	123
da	68	0	120
[	68	0	84
]	68	0	85
