name S
internalname 1297
special
alternate_font
max_range 3
charset
"	35	2	125
\'	27	2	3
aa	"
\	37	2	79
^	40	2	5
ul	45	0	117
_	"
\`	27	2	4
ga	"
~	40	2	7
<	96	2	74
>	96	2	73
{	37	2	87
}	37	2	88
#	72	2	22
@	96	2	13
pl	72	0	58
+	"
mi	72	0	59
\-	"
eq	72	0	61
=	"
**	43	0	85
sr	81	2	90
rn	48	2	128
<=	96	0	76
>=	96	0	75
==	96	0	83
ap	96	0	80
~=	96	0	81
!=	96	0	112
->	96	0	108
<-	96	0	109
ua	48	0	110
da	48	0	111
mu	72	0	60
di	72	0	62
+-	96	0	63
cu	96	0	97
ca	96	0	96
sb	96	0	94
sp	96	0	95
ib	96	0	98
ip	96	0	99
if	91	0	69
pd	56	2	72
gr	96	2	71
no	59	0	132
is	64	3	91
pt	72	0	68
es	74	0	67
mo	72	0	100
dd	46	2	2
rh	126	0	24
lh	128	0	25
bs	109	2	105
or	24	2	77
ci	85	0	20
|	0	2	89
br	"
ts	48	0	70
*Q	85	2	50
*W	96	2	57
bu	72	0	17
sq	72	0	21
bx	72	0	18
ru	42	0	102
fm	21	2	65
Sl	55	2	86
bv	50	0	118
lt	50	0	119
lb	50	0	121
rt	50	0	120
rb	50	0	122
lk	50	0	123
rk	50	0	124
lf	50	0	113
rf	50	0	114
lc	50	0	115
rc	50	0	116
