# Techno Bold (also Futura Demi-Bold, Utica Demi-Bold)
name HK
internalname 5932
ligatures 0
charset
\|	12	0	0
\^	6	0	0
A	66	0	27
B	55	0	28
C	61	0	29
D	61	0	30
E	48	0	31
F	45	0	32
G	72	0	33
H	67	0	34
I	26	0	35
J	44	0	36
K	60	0	37
L	38	0	38
M	83	0	39
N	71	0	40
O	72	0	41
P	52	0	42
Q	72	0	43
R	55	0	44
S	50	0	45
T	50	0	46
U	66	0	47
V	65	0	48
W	88	0	49
X	66	0	50
Y	60	0	51
Z	57	0	52
a	55	0	1
b	55	0	2
c	39	0	3
d	57	0	4
e	50	0	5
f	33	0	6
g	56	0	7
h	56	0	8
i	24	0	9
j	24	0	10
k	49	0	11
l	24	0	12
m	83	0	13
n	56	0	14
o	49	0	15
p	55	0	16
q	55	0	17
r	32	0	18
s	38	0	19
t	33	0	20
u	57	0	21
v	48	0	22
w	83	0	23
x	50	0	24
y	48	0	25
z	44	0	26
1	55	0	54
2	55	0	55
3	55	0	56
4	55	0	57
5	55	0	58
6	55	0	59
7	55	0	60
8	55	0	61
9	55	0	62
0	55	0	63
$	55	0	77
&	82	0	53
:	28	0	66
;	28	0	67
.	28	0	64
,	28	0	65
`	28	0	74
'	28	0	73
?	55	0	68
!	28	0	69
%	90	0	79
*	55	0	86
(	25	0	70
)	25	0	71
/	55	0	80
hy	32	0	72
-	"
em	110	0	75
dg	55	0	88
sc	55	0	87
[	24	0	84
]	24	0	85
