# B 3 Times Bold. SCCS @(#)B	1.1

name B
internalname 030
#seq    width   kern    ascii   merg
charset
\|      5       0       0       -1
\^      2       0       0       -1
a       21      0       0141    1
b       23      2       0142    2
c       19      0       0143    3
d       23      2       0144    4
e       19      0       0145    5
f       14      2       0146    6
g       21      1       0147    7
h       23      2       0150    8
i       12      2       0151    9
j       14      3       0152    10
k       23      2       0153    11
l       12      2       0154    12
m       35      0       0155    13
n       23      0       0156    14
o       21      0       0157    15
p       23      1       0160    16
q       23      1       0161    17
r       19      0       0162    18
s       16      0       0163    19
t       14      2       0164    20
u       23      0       0165    21
v       21      0       0166    22
w       30      0       0167    23
x       21      0       0170    24
y       21      1       0171    25
z       19      0       0172    26
A       30      2       0101    27
B       28      2       0102    28
C       30      2       0103    29
D       30      2       0104    30
E       28      2       0105    31
F       25      2       0106    32
G       32      2       0107    33
H       32      2       0110    34
I       16      2       0111    35
J       21      2       0112    36
K       32      2       0113    37
L       28      2       0114    38
M       39      2       0115    39
N       30      2       0116    40
O       32      2       0117    41
P       25      2       0120    42
Q       32      3       0121    43
R       30      2       0122    44
S       23      2       0123    45
T       28      2       0124    46
U       30      2       0125    47
V       30      2       0126    48
W       42      2       0127    49
X       30      2       0130    50
Y       30      2       0131    51
Z       28      2       0132    52
&       35      0       046     53
1       21      2       061     54
2       21      2       062     55
3       21      2       063     56
4       21      2       064     57
5       21      2       065     58
6       21      2       066     59
7       21      2       067     60
8       21      2       070     61
9       21      2       071     62
0       21      2       060     63
.       14      0       056     64
,       14      0       054     65
:       14      0       072     66
;       14      0       073     67
?       21      0       077     68
!       14      0       041     69
(       14      0       050     70
)       14      0       051     71
hy      14      0       055     72
-       "       =hy
'       14      0       047     73
`       14      0       0140    74
em      42      0       0200    75
en      21      0       0201    76
$       21      0       044     77
%       42      0       045     79
/       12      0       057     80
[       14      0       0133    84
]       14      0       0135    85
*       21      0       052     86
sc      21      0       0202    87
dg      21      0       0203    88
