# CW 85 constant width courier from GSI. SCCS @(#)CW	1.1

name CW
internalname 050
spacewidth 25
#seq    width   kern    ascii   merg
charset
\|      25      0       0       -1
\^      0       0       0       -1
a       25      0       041     1
b       25      2       042     2
c       25      0       043     3
d       25      2       044     4
e       25      0       045     5
f       25      2       046     6
g       25      1       047     7
h       25      2       050     8
i       25      2       051     9
j       25      3       052     10
k       25      2       053     11
l       25      2       054     12
m       25      0       055     13
n       25      0       056     14
o       25      0       057     15
p       25      1       060     16
q       25      1       061     17
r       25      0       062     18
s       25      0       063     19
t       25      2       064     20
u       25      0       065     21
v       25      0       066     22
w       25      0       067     23
x       25      0       070     24
y       25      1       071     25
z       25      0       072     26
A       25      2       073     27
B       25      2       074     28
C       25      2       075     29
D       25      2       076     30
E       25      2       077     31
F       25      2       0100    32
G       25      2       0101    33
H       25      2       0102    34
I       25      2       0103    35
J       25      2       0104    36
K       25      2       0105    37
L       25      2       0106    38
M       25      2       0107    39
N       25      2       0110    40
O       25      2       0111    41
P       25      2       0112    42
Q       25      3       0113    43
R       25      2       0114    44
S       25      2       0115    45
T       25      2       0116    46
U       25      2       0117    47
V       25      2       0120    48
W       25      2       0121    49
X       25      2       0122    50
Y       25      2       0123    51
Z       25      2       0124    52
&       25      0       0125    53
1       25      2       0126    54
2       25      2       0127    55
3       25      2       0130    56
4       25      2       0131    57
5       25      2       0132    58
6       25      2       0133    59
7       25      2       0134    60
8       25      2       0135    61
9       25      2       0136    62
0       25      2       0137    63
.       25      0       0140    64
,       25      0       0141    65
:       25      0       0142    66
;       25      0       0143    67
?       25      0       0144    68
!       25      0       0145    69
(       25      0       0146    70
)       25      0       0147    71
hy      25      0       0150    72
-       "       =hy
'       25      0       0151    73
`       25      0       0152    74
em      25      0       0153    75
$       25      0       0154    77
ct      25      0       0155    78
%       25      0       0156    79
/       25      0       0157    80
fm      25      0       0160    83
[       25      0       0161    84
]       25      0       0162    85
*       25      0       0163    86
"       25      0       0164    91
#       25      0       0165    92
~       25      0       0166    95
@       25      0       0167    96
+       25      0       0170    98
no      25      0       0171    99
|       25      0       0172    100
\       25      0       0173    101
>       25      0       0174    102
<       25      0       0175    103
=       25      0       0176    104
^       25      0       0200    105
_       25      0       0201    106
{       25      0       0202    107
}       25      0       0203    108
or      25      0       0204    109
da      25      0       0205    120
->      25      0       0207    121
<-      25      0       0210    122
ua      25      0       0211    123
lh      25      0       0212    124     upper left arrow
dg      25      0       0213    125     cap
sq      25      0       0214    126     open box
