# home-brew special font.  SCCS @(#)S	1.1
# from mergenthaler font newspec
name S
special
internalname 849
#seq    width   kern    ascii   merg
charset
ct      27      0       041     1
dd      19      0       042     2
aa      14      0       043     3
ga      14      0       044     4
^       14      0       045     5
..      14      0       046     6
~       14      0       047     7
hc      14      0       050     8
cd      14      0       051     9
co      23      0       052     10
rg      23      0       053     11
tm      23      0       054     12
@       39      0       055     13
pp      20      0       056     14
fe      28      0       057     15
ma      28      0       060     16
bu      22      0       061     17
bx      22      0       062     18
ob      22      0       063     19
ci      35      0       064     20
sq      22      0       065     21
#       32      0       066     22
tp      39      0       067     23
rh      41      0       070     24
lh      42      0       071     25
*a      27      0       072     26
*b      27      2       073     27
*q      27      2       074     28
*d      22      2       075     29
*e      19      0       076     30
*f      29      2       077     31
*g      25      2       0100    32
*y      27      0       0101    33
*i      15      0       0102    34
*c      19      2       0103    35
*k      25      0       0104    36
*l      25      2       0105    37
*m      29      0       0106    38
*n      22      0       0107    39
*o      22      0       0110    40
*p      29      0       0111    41
*r      22      1       0112    42
*s      27      0       0113    43
*t      19      0       0114    44
*h      22      2       0115    45
*w      29      0       0116    46
*x      25      0       0117    47
*u      22      0       0120    48
*z      19      2       0121    49
*Q      36      2       0122    50
*D      29      2       0123    51
*F      34      2       0124    52
*G      27      2       0125    53
*C      34      2       0126    54
*L      32      2       0127    55
*H      29      2       0130    56
*W      32      2       0131    57
+       36      0       0132    58
pl      "       0133
mi      36      0       0134    59
\-      "       0135
mu      36      0       0136    60
=       36      0       0137    61
eq      "       0140    <--------------this is a mistake, but does no harm
di      36      0       0141    62
+-      36      0       0142    63
de      15      0       0143    64
fm      15      0       0144    65
al      27      2       0145    66
es      36      0       0146    67
pt      29      0       0147    68
if      29      0       0150    69
ts      19      0       0151    70
gr      29      2       0152    71
pd      22      2       0153    72
>       36      0       0154    73
<       36      0       0155    74
>=      36      0       0156    75
<=      36      0       0157    76
or      12      2       0160    77
sl      12      2       0161    78
\       12      2       0162    79
ap      36      0       0163    80
~=      36      0       0164    81
~~      36      0       0165    82
==      36      0       0166    83
**      22      0       0167    85
Sl      21      2       0170    86      script  l
{       14      0       0171    87
}       14      0       0172    88
|       6       0       0173    89
sr      42      0       0174    90
is      21      0       0175    91
*S      28      0       0176    92
*P      28      0       0200    93
sb      35      0       0201    94
sp      35      0       0202    95
ca      35      0       0203    96
cu      35      0       0204    97
ib      35      0       0205    98
ip      35      0       0207    99
mo      28      0       0210    100
br      0       0       0211    101
ru      21      0       0212    102
l.      0       0       0213    103
L.      2       0       0214    104
b0      42      0       0217    106     45 deg tilt
bs      42      0       0220    105
b9      42      0       0221    107
->      23      0       0222    108
<-      23      0       0223    109
ua      15      0       0224    110
da      15      0       0225    111
!=      36      0       0226    112
lf      20      0       0230    113
rf      20      0       0231    114
lc      20      0       0232    115
rc      20      0       0233    116
_       21      0       0235    117
ul      "       0240
\_      "       0241
bv      20      0       0242    118
lt      20      0       0243    119
rt      20      0       0244    120
lb      20      0       0245    121
rb      20      0       0246    122
lk      20      0       0247    123
rk      20      0       0250    124
"       15      0       0251    125
fa      34      0       0252    126
te      29      0       0253    127
rn      21      0       0254    128
12      25      0       0255    129
14      25      0       0256    130
34      25      0       0257    131
no      25      0       0260    132
vr      0       0       0261    133     vertical rule - lines up with \(ru
